	318	464	435	521	617	373	880	818	763	650	393	409	428	650	588	537	551	734	598	646	444	519	535	533	756	517
206	565	687	756	446	298	547	558	729	904	662	603	495	888	582	560	756	224	376	536	697	391	229	504	460	677
501	318	528	354	425	594	511	720	559	645	683	509	545	677	771	560	842	601	524	644	524	389	576	677	624	688
454	395	651	657	674	531	768	730	775	608	397	551	629	587	424	520	693	708	689	780	366	591	561	769	298	710
688	480	617	625	385	454	459	537	543	344	687	505	667	475	584	558	365	682	461	717	551	736	541	533	662	583
591	681	651	817	475	575	391	775	729	412	605	694	258	837	225	703	398	754	484	668	545	574	437	638	578	510
771	605	229	730	398	242	488	521	537	429	533	824	410	528	527	632	453	744	558	517	796	715	485	674	555	438
784	650	494	669	728	456	799	670	320	714	752	766	813	625	713	630	510	693	555	775	743	579	519	719	660	581
472	777	509	595	715	678	581	583	300	848	595	677	511	686	566	740	318	591	457	535	712	471	461	660	857	577
792	607	633	675	619	536	560	591	531	599	619	635	814	568	612	579	749	576	624	764	643	807	705	697	669	851
706	769	671	657	611	651	742	647	439	547	479	482	571	515	571	589	510	736	535	647	357	686	830	707	548	599
632	766	681	562	782	562	691	580	553	680	569	533	775	636	802	626	584	728	656	538	806	589	679	512	835	538
771	494	590	689	741	671	444	778	731	813	695	819	793	748	735	735	594	773	607	819	787	776	606	704	633	582
592	642	687	778	763	589	775	767	582	818	727	581	530	596	636	840	535	784	786	805	808	788	802	810	611	729
245	741	832	611	423	319	815	688	735	490	484	808	757	484	734	599	632	557	488	658	727	576	707	659	677	779
815	638	830	788	240	778	760	671	709	689	637	704	733	574	691	824	794	441	779	633	658	591	838	724	625	479
626	642	675	816	531	476	532	368	794	588	814	726	853	513	724	689	762	601	821	839	668	612	807	697	699	793
201	812	386	839	640	568	681	760	709	581	498	718	525	840	610	807	811	698	812	630	515	766	745	799	482	675
610	547	843	859	814	764	835	494	394	846	852	814	620	839	794	822	704	809	831	675	744	803	760	798	689	619
739	587	513	563	812	833	836	650	814	840	671	844	562	576	621	635	765	792	615	781	793	755	582	796	538	566
797	748	813	812	668	668	799	759	668	763	710	616	802	681	829	795	819	815	830	227	768	823	840	837	770	796
764	551	550	860	994	1091	483	558	528	732	986	1100	999	512	456	1047	520	553	958	717	986	992	979	986	486
551	545	488	543	491	965	965	824	821	758	892	502	544	843	1021	701	957	812	1011	713	1020	529	955	785	587
984	978	906	929	956	870	988	977	990	837	994	1023	1005	865	937	982	780	976	866	735	476	751	869	979	559
963	959	948	914	1030	862	489	820	942	919	954	982	608	906	1017	634	984	972	719	710	585	764	818	956	991
1019	623	958	978	915	1004	1035	826	381	791	944	1010	978	868	855	978	788	962	1164	851	1267	1040	897	986
1000	1005	1019	550	1040	585	932	956	820	901	985	1016	819	1024	1036	1057	971	933	997	1014	1038	1022	892
979	984	1026	815	892	978	681	978	206	1023	977	983	981	984	769	910	851	1033	1014	960	1031	857	982	977	991
994	987	1051	1036	1031	860	1021	1007	1200	631	989	989	713	790	1018	732	798	773	1006	841	1032	847	1004
984	983	723	983	598	962	618	730	583	948	955	994	910	984	777	701	1012	998	859	934	945	973	978	1069	678
1020	774	1015	1010	753	1013	976	941	973	978	1017	590	922	1021	1017	1039	653	389	978	1045	961	1034	986
971	983	1024	884	751	1003	998	502	834	958	1012	855	752	968	976	861	998	1039	818	821	831	865	917	968	1017
813	938	1008	1002	1019	972	976	810	620	959	968	1004	929	960	709	664	1005	756	1025	777	764	766	675	1047
594	882	967	1025	725	992	981	844	964	922	1035	912	978	557	996	1040	1041	814	755	986	972	991	967	976	996
984	1013	941	723	1036	1014	864	778	977	983	538	768	988	1014	725	1025	1014	1021	874	836	931	976	654	761
852	912	956	948	985	1010	1021	953	993	1003	718	1051	991	982	984	1050	1012	1022	266	720	760	785	998	989
871	911	1028	1045	1035	1021	1025	985	958	990	749	1018	999	1034	1027	853	799	1036	977	752	859	1014	1022
993	695	910	1005	471	1020	1041	389	955	980	1029	1034	892	969	1046	982	823	861	1032	1013	929	378	974	942
683	358	1026	1029	1025	787	1009	560	775	982	696	977	985	196	1008	1013	1006	1021	1028	357	777	917	955	1021
1020	409	621	589	977	596	1038	743	876	965	502	861	868	599	858	768	628	472	1038	319	641	1020	903	300	974
553	984	875	552	998	493	250	1019	954	389	926	1027	413	898	880	506	957	886	590	1043	262	536	989	705	197
853	401	941	822	934	918	288	965	1032	1002	739	1042	853	478	987	335	714	890	326	872	896	958	880	249	956
958	541	547	197	897	576	590	1007	285	925	422	1035	1018	988	947	992	254	1005	247	988	243	322	610	998	325
925	983	486	774	1001	226	872	671	562	937	982	359	260	977	311	855	849	274	240	974	1061	1048	452	945	988
544	561	931	447	260	989	939	568	602	899	347	814	836	599	1061	556	541	977	522	579	508	227	665	914	1021
544	964	570	417	915	962	559	847	999	620	845	589	930	806	849	969	1004	694	774	377	865	960	373	1016	562
836	912	946	249	944	530	1006	962	888	524	942	510	919	975	446	731	260	1015	951	898	241	731	607	583	861
596	558	238	732	327	483	947	324	789	970	890	203	961	1372	950	431	589	952	606	966	949	530	591	933	984	721
986	934	573	974	450	975	598	973	909	980	698	980	1020	329	603	842	1037	939	898	976	868	944	860	878	311
253	1041	973	961	984	687	276	780	315	912	940	740	612	947	886	904	912	710	916	927	939	948	884	794	474	589
920	965	292	759	840	950	1039	950	976	344	892	916	852	919	821	849	680	788	966	835	868	918	975	537	873	821
1022	744	970	971	770	1032	323	424	1007	575	372	681	256	1026	473	913	599	926	513	981	950	933	535	844	570
602	829	1067	517	450	1016	396	1051	953	449	596	921	421	608	915	367	959	950	417	578	489	611	962	608	950
989	624	598	954	714	977	916	468	963	921	1072	518	982	784	969	978	561	858	934	966	563	866	828	1025	604
994	895	938	1032	793	903	813	1074	723	560	928	892	291	288	845	926	965	358	908	969	958	941	876	998	955
868	852	599	988	605	871	613	1005	387	862	952	960	576	936	1031	599	549	623	987	966	675	836	960	1001	604
1654	630	406	1151	843	977	949	1024	991	940	1033	1051	877	630	346	983	935	270	473	987	1001	617	985	1049
355	937	967	180	295	218	976	1011	950	845	860	202	1031	780	955	603	950	658	518	964	627	1002	237	948	1025
257	581	639	985	540	1041	379	557	606	962	944	602	630	967	956	984	890	287	933	989	293	682	842	997	790	861
965	971	595	942	831	977	946	949	480	1023	233	768	977	661	954	830	867	947	1048	576	1017	971	974	583	931
948	759	980	849	963	955	574	920	371	586	623	617	383	593	655	605	934	996	898	908	723	739	971	954	988	211
906	606	851	997	986	939	979	595	948	948	982	912	590	905	708	591	955	978	975	911	972	961	703	806	945	1009
906	960	915	653	888	979	984	457	564	939	933	634	963	918	860	861	516	963	933	857	903	889	1194	964	929	354
615	955	1107	913	887	476	960	968	955	975	679	923	903	994	884	952	865	792	909	971	877	730	976	783	932	892
912	659	912	535	820	941	477	607	936	553	489	892	653	753	915	879	826	609	877	607	865	933	835	932	862	464
591	863	579	900	544	544	592	471	953	908	966	829	942	844	727	496	853	517	880	783	297	980	943	643	389	916
346	791	1006	653	878	902	328	1001	1035	390	853	334	776	942	292	964	410	563	691	977	889	979	645	301	849
417	875	767	948	1009	961	710	1040	605	865	777	945	282	1042	1021	985	709	588	760	1020	985	992	465	894	937
883	526	922	921	786	938	312	957	941	612	297	975	675	1024	983	929	607	523	1024	966	881	938	933	907	968
893	453	896	870	964	1009	569	606	457	842	966	999	673	852	894	956	989	880	890	1006	792	546	952	972	773
547	893	708	338	858	1161	576	907	852	1139	887	671	464	736	922	990	855	931	535	798	923	950	799	507	616
977	912	832	996	938	570	962	901	946	951	922	546	578	951	703	493	644	739	805	873	966	690	370	925	995	303
613	959	918	820	269	716	946	944	871	395	588	975	919	976	723	714	933	912	879	949	953	377	925	972	667	1003
461	207	561	462	916	952	957	1013	894	460	930	453	499	906	422	984	368	926	939	458	647	903	932	917	622	548
498	891	527	976	930	780	993	989	710	788	814	993	923	914	709	896	476	391	928	878	1002	583	633	338	657	934
950	548	643	997	942	858	985	994	717	972	579	1008	461	951	956	811	1001	948	958	894	935	847	974	606	983
927	547	880	826	820	657	904	966	896	808	838	1009	976	880	952	960	970	849	921	880	487	946	914	959	1007
1004	993	983	773	948	1004	855	991	981	268	984	896	951	747	761	999	896	941	767	912	1187	935	699	1468	891
655	606	788	833	574	924	867	889	903	926	589	995	961	951	954	791	571	942	889	905	904	443	947	608	819	958
803	979	944	919	924	654	1229	509	715	1238	917	339	771	944	956	969	798	594	871	894	909	899	943	773	623
924	350	973	941	972	759	945	619	1037	1049	926	948	898	984	657	901	928	970	802	921	880	1002	371	929	964
871	791	907	982	940	926	942	930	858	994	920	503	1018	581	840	928	963	564	940	944	941	936	868	450	826	913
612	745	1001	558	916	1028	948	605	942	648	567	635	888	893	938	696	983	800	992	286	879	942	951	847	458
242	889	446	412	576	1006	287	1000	362	970	989	930	907	945	963	927	949	615	825	940	592	829	903	909	943
992	883	587	861	279	955	907	899	1035	894	922	274	859	893	330	1012	777	1011	887	1021	975	962	1043	911	943
1006	840	924	1038	963	997	211	991	820	978	1212	1650	928	558	1029	1000	726	948	941	841	940	925	879	933
918	567	901	744	685	977	1016	815	941	948	896	582	976	865	442	796	378	1042	954	902	1003	759	811	974	540
841	818	654	814	895	942	931	1000	897	589	952	387	955	943	292	303	873	977	979	878	956	930	845	942	232	929
946	829	650	989	983	997	1010	783	938	704	961	973	959	963	954	886	954	961	800	897	934	750	814	985	926	792
874	990	1003	986	785	862	962	974	1000	1027	282	955	974	952	464	1008	751	789	1006	932	577	775	945	939	976
916	937	965	461	716	769	322	935	570	473	868	881	926	926	814	663	608	885	869	992	847	879	1026	544	929	975
968	1007	865	777	924	961	951	748	1002	376	759	923	755	950	775	1014	928	958	966	990	971	644	921	615	1002
623	691	777	1011	509	956	915	978	970	791	860	754	955	969	714	699	903	684	966	964	999	783	969	847	866	861
208	438	766	462	758	862	874	931	711	909	641	925	978	831	858	604	944	821	934	864	754	984	782	875	987	860
681	212	939	942	335	562	732	748	867	512	956	969	322	565	502	253	967	853	993	563	802	892	999	781	916	820
881	888	841	579	535	877	483	811	912	579	925	330	825	963	546	537	774	875	874	900	901	887	1002	893	878	602
887	703	890	779	896	897	911	906	967	835	718	891	808	801	1011	1015	947	870	919	922	464	763	987	478	916
935	1042	1033	562	903	697	900	954	377	925	909	934	1461	606	972	783	1042	916	883	928	969	870	915	850	979
642	915	713	924	1100	902	564	939	905	920	827	1012	1153	993	924	833	578	910	928	928	920	978	769	888	945
922	942	1031	805	767	988	967	895	623	883	920	895	935	894	1004	1003	951	928	538	929	729	914	976	922	1024
937	852	907	837	921	921	979	333	1033	1000	893	911	769	1007	948	926	934	885	971	1026	938	910	886	782	361
997	912	271	862	309	437	909	848	659	792	953	942	1061	1035	389	508	310	924	913	390	662	254	947	1008	750
773	858	869	531	871	847	298	572	883	269	576	802	1023	1001	996	851	1011	925	1024	969	944	983	822	823	553
1014	990	957	635	566	364	832	829	980	601	1010	747	350	984	893	941	947	830	568	923	939	1045	789	860	995
914	846	991	386	1053	334	617	921	720	1013	1223	853	717	1025	866	772	664	363	867	818	977	686	971	738	816
625	826	286	839	822	835	327	1036	1007	989	1004	1020	623	1385	831	960	858	863	1169	825	1006	521	641	414
665	914	1027	840	957	848	470	877	694	790	999	954	812	936	449	628	1000	615	835	940	562	374	713	965	963
946	944	866	957	788	896	996	1053	1009	375	939	324	663	426	939	383	1008	960	812	871	984	858	927	997	802
972	992	810	479	966	929	373	419	593	563	826	571	931	892	1007	948	475	974	983	434	857	259	930	887	930	935
756	616	700	642	568	923	916	822	379	927	881	695	964	914	923	809	876	808	960	917	504	880	891	887	1034	852
512	966	948	933	1016	928	943	954	676	562	785	1117	1012	760	337	970	247	990	849	763	288	910	802	656	1003
790	965	930	820	880	566	974	939	1016	700	1001	970	689	950	913	591	1096	719	876	917	831	1000	934	742	981
966	748	731	859	864	987	988	794	938	409	808	780	1000	553	484	691	990	317	1016	983	918	1022	953	552	958
1013	897	747	1010	944	913	396	376	1006	603	962	1014	792	1029	973	954	685	852	928	518	940	921	958	978	400
794	882	1217	998	818	1020	793	857	1021	994	814	979	987	862	809	817	872	849	696	690	983	793	937	1131	607
651	925	995	579	994	758	942	975	886	615	961	1010	849	996	953	611	813	939	592	369	595	866	782	968	943	945
1011	831	1020	928	757	628	820	671	899	918	739	962	657	675	981	919	1002	551	686	492	281	210	682	330	583
863	670	984	1002	735	963	1054	993	851	588	953	992	669	851	326	675	852	526	972	863	978	276	971	991	1019
645	389	1023	903	1008	1022	896	688	975	606	999	670	1003	904	1042	977	950	994	685	690	956	1012	985	1104
977	909	1026	690	396	688	933	984	1088	1014	946	527	651	658	911	984	592	958	691	877	696	965	720	611	1029
1029	966	695	704	628	667	1028	292	700	699	888	707	1014	1026	622	862	992	603	540	698	682	696	692	743	990
940	1021	927	1015	848	1031	949	1000	998	950	949	688	933	650	1020	896	548	257	666	999	811	840	536	930	960
582	894	917	995	966	894	947	335	791	915	1021	956	751	797	983	986	1012	919	920	948	932	962	979	812	929
810	412	798	812	575	827	902	847	992	1013	928	942	978	1070	966	998	467	938	983	314	809	792	728	988	977
987	993	998	948	1019	962	976	974	896	825	807	982	976	990	981	985	969	1022	492	816	942	1017	721	1008	896
889	973	988	989	693	1029	1026	967	992	1007	1027	309	823	981	1056	798	820	821	818	741	994	946	967	1005
1012	970	827	974	812	814	598	990	888	878	530	987	748	361	821	795	818	230	883	618	1004	987	989	802	1012
816	1046	810	1027	823	989	994	1005	791	819	1041	1004	985	1001	823	820	861	1038	1006	979	951	925	988	914
1031	946	942	978	920	802	710	844	979	1140	816	808	784	1041	966	1015	864	927	973	989	1113	984	698	818	1027
1031	997	1040	952	672	982	988	825	822	1014	737	884	977	669	925	722	1004	983	677	917	934	982	789	900	783
993	787	744	688	964	828	840	931	884	1014	954	938	968	970	990	980	910	945	919	968	952	578	963	832	981	1020
994	977	922	927	955	961	919	1028	777	936	986	754	969	557	1014	1179	539	965	1027	831	781	1003	984	980	1027
829	1033	987	814	990	816	1020	1049	993	911	1002	1001	980	996	1005	938	1027	1005	1047	1022	837	953	988
837	927	1004	1044	1026	1018	1016	1022	973	968	980	979	1011	1024	955	984	541	1040	1026	1019	1016	787	232
1034	919	833	942	1033	894	810	995	831	815	955	865	1030	1006	999	897	862	894	543	952	1027	834	688	817	922
990	1256	988	975	701	279	839	932	584	1035	887	978	984	1039	837	758	840	956	989	984	1035	927	803	927	1016
969	947	866	926	853	866	975	964	969	476	1010	996	1004	1049	972	983	849	991	1027	757	943	1047	984	1018
722	932	967	996	942	774	948	932	932	795	364	400	975	902	455	844	944	956	842	882	912	1031	1031	794	989
970	993	946	1008	1090	818	979	1048	1034	940	1011	1077	983	960	987	842	943	858	794	874	1050	762	468	742
983	977	996	778	639	1025	1015	232	881	784	1038	1006	904	996	976	825	952	957	963	907	1028	975	949	975	1024
1048	1056	871	896	1020	1007	1007	1058	1044	1037	999	740	776	1034	1040	1033	632	989	982	970	1006	994	1026
884	688	1058	1027	833	1030	986	913	982	994	966	1026	839	936	979	984	979	1021	1024	1023	1088	643	899	887
907	1000	1048	1043	747	1025	997	1035	1047	1053	982	996	992	670	1039	1051	1043	1007	655	721	1003	853	985
1031	1039	1035	374	1036	1019	1009	1002	989	999	1030	984	973	1052	1015	787	1012	968	975	986	792	1077	998
1021	984	904	687	1028	1006	981	908	892	783	958	1022	984	927	867	1019	865	252	981	729	941	1013	1035	804
968	773	995	954	970	1321	920	938	952	801	802	1025	959	958	998	621	685	915	871	986	946	997	817	743	880
509	969	968	1000	1003	893	734	829	983	982	1015	923	807	981	211	1006	1031	890	928	471	983	803	1008	1024
1015	1009	813	969	988	731	956	590	780	916	1002	881	1023	950	918	695	962	742	1026	1026	1023	1025	974	729
977	1056	863	1051	991	252	472	740	734	733	737	1038	1003	1031	981	716	747	1050	891	1057	741	743	746	869
834	1053	738	1062	1024	692	986	749	435	750	959	1030	1019	981	1016	904	1014	977	747	997	995	1040	967	1036
436	744	747	987	1038	1061	1036	740	747	747	307	785	976	1045	1028	1036	740	742	751	1041	1041	1028	816	704
990	1046	1026	772	995	1051	992	993	730	747	939	369	715	874	1043	945	1046	890	871	835	1035	1005	738	741
917	1016	738	966	869	1018	1023	1018	843	742	957	955	922	926	657	501	405	854	641	899	959	1022	896	948	984
539	835	565	1033	845	978	1006	1002	377	928	431	929	558	532	705	906	746	994	660	920	1020	949	846	956	969
774	1054	959	387	977	880	925	1018	884	776	960	981	582	194	826	931	953	974	950	989	863	443	795	1037	877
903	977	470	292	791	972	881	904	1078	901	627	963	929	938	966	595	1013	969	587	806	937	958	1030	896	1044
830	918	943	1033	982	858	991	581	951	957	949	587	580	986	909	612	961	969	1062	503	959	1039	499	914	951
408	915	941	964	937	882	1074	945	612	981	874	935	755	989	781	530	1004	608	932	956	933	1018	907	1013	949
1027	965	992	964	871	1153	945	1029	451	958	939	1064	755	964	429	186	540	1037	854	738	1004	930	978	943
1053	331	940	939	857	895	970	1026	449	954	543	640	955	973	995	1000	1088	664	606	983	825	996	1003	821	495
938	693	977	799	981	932	979	728	659	811	660	973	997	653	905	827	972	417	617	934	945	1002	949	743	899	492
956	481	538	937	743	952	1017	484	1016	916	949	959	954	928	424	815	1038	777	574	977	683	954	1012	940	843
823	967	947	769	765	930	328	602	973	520	956	624	558	947	978	944	974	899	822	617	775	314	859	512	965	988
853	524	820	386	1020	818	547	944	1013	888	781	653	1014	1001	984	509	829	1054	1021	636	947	974	600	962
237	810	658	701	827	548	908	624	570	311	596	947	307	936	578	329	569	606	550	970	1035	204	1005	557	548
981	982	280	960	606	1005	972	1502	657	888	466	849	939	907	972	635	979	498	974	858	822	1201	989	980	655
562	935	869	826	271	741	1088	888	228	1006	1019	212	610	964	948	978	360	992	849	898	1041	249	963	937	940
994	812	441	1028	603	567	958	799	910	594	1026	1014	596	962	981	503	911	971	923	942	900	483	962	903	418
849	333	927	851	885	992	981	950	1003	595	979	967	874	978	996	844	551	719	990	654	749	979	802	560	970	584
956	918	936	673	958	1002	1034	1082	1018	925	1200	981	1017	895	943	833	1010	1069	915	863	1001	764	827	995
969	997	1011	619	800	763	999	996	1049	986	612	994	543	1471	931	1443	580	1623	413	932	610	931	760	882	458
919	831	1010	1050	975	1293	883	979	990	711	881	844	1035	962	955	996	960	993	951	806	1021	974	983	978	655
963	796	1103	880	955	864	1055	978	932	717	922	960	723	822	984	948	937	698	433	558	963	891	424	950	895
1037	936	975	916	843	684	990	995	922	948	1007	662	973	995	877	892	632	1075	1038	992	946	968	965	929	936
998	734	955	953	716	991	801	947	953	919	983	563	940	506	843	863	963	907	958	857	697	1006	979	993	572	931
709	697	960	542	503	663	970	890	983	981	968	899	805	916	919	335	761	813	897	940	957	966	1005	855	692	510
805	713	919	834	1023	651	703	760	966	993	197	1028	887	653	324	665	674	974	980	578	372	816	997	1023	687
868	201	989	766	973	530	949	544	1024	1031	966	980	998	949	955	892	937	704	797	757	758	275	551	491	780
710	988	325	865	601	741	946	1042	985	944	621	961	688	996	1048	958	809	959	987	776	971	737	1020	913	1014
740	1025	916	764	1012	554	884	887	553	506	395	868	589	950	954	1034	633	933	571	417	1049	918	722	941	942
878	931	971	910	811	968	927	969	757	902	965	797	849	579	472	914	868	1006	919	922	334	882	744	851	981	475
948	366	953	1006	971	910	362	875	1017	868	987	969	742	895	1017	947	744	997	920	240	701	914	652	388	773
647	1007	943	961	922	768	356	425	999	960	961	993	682	382	946	869	917	919	944	529	811	990	676	368	976	885
733	938	410	841	831	961	479	960	978	930	962	1007	964	986	764	1005	936	720	879	506	969	823	949	1010	965
1020	961	1003	963	954	1001	439	966	952	1051	710	556	684	1012	790	984	842	663	971	581	855	871	982	568	920
848	988	500	652	765	925	1003	730	953	801	1010	489	962	955	940	933	654	1006	1026	782	953	299	955	1025	1017
1090	1009	954	865	959	950	823	1018	997	1010	823	949	958	973	951	964	929	1065	994	1031	946	828	954	979
671	852	807	1020	1021	960	990	968	1012	1009	1001	956	844	971	911	911	258	961	816	569	467	907	995	866	970
948	935	920	794	894	962	740	989	996	518	900	473	439	929	958	829	492	924	931	844	1012	479	844	501	844	945
277	914	992	882	843	939	583	590	992	932	907	951	629	588	461	968	978	949	1011	434	561	498	959	591	1006
534	1027	705	893	853	953	331	1017	299	508	914	924	540	730	499	1202	955	936	425	355	793	1014	527	543	968
868	539	838	768	994	910	876	709	878	806	533	879	462	618	966	396	549	927	767	886	796	477	1025	471	980	690
987	470	466	764	459	886	977	935	857	933	966	322	924	761	555	1009	1006	654	860	960	987	968	968	545	561
1015	529	973	953	542	997	954	607	950	933	866	450	737	719	955	959	971	762	999	411	879	856	743	922	445	915
891	856	876	906	1014	667	964	624	891	898	648	487	937	892	964	759	1017	891	985	1002	539	904	780	951	933
969	975	807	912	886	886	935	809	867	957	909	906	855	917	933	845	731	993	377	857	958	682	745	935	891	535
953	426	947	743	975	995	877	886	912	822	955	921	910	852	849	759	892	975	868	906	625	953	901	696	893	1012
915	950	677	880	900	782	786	942	683	920	727	957	554	851	908	548	869	691	986	849	897	677	755	963	991	989
911	873	802	906	959	946	643	917	956	957	425	911	903	455	912	931	1015	940	197	993	1094	909	901	728	956
895	983	987	425	927	899	732	968	702	983	1032	930	942	944	993	838	1023	868	959	977	927	915	920	951	968
666	871	733	973	950	752	744	820	1004	1020	899	732	653	504	959	982	942	958	912	761	488	939	991	1004	911
1028	729	675	981	696	898	907	904	944	964	934	719	615	891	903	961	1012	947	1012	964	899	873	860	820	959
835	951	907	630	866	996	681	926	779	738	279	975	962	941	950	805	898	1040	838	904	1014	813	820	1006	777
951	711	957	897	999	990	925	884	998	999	736	624	777	398	744	930	1001	593	792	1015	1002	992	992	908	653
681	816	421	985	1021	974	986	1002	984	936	972	430	888	665	718	762	1004	956	982	907	945	924	986	916	996
954	878	519	770	907	992	928	963	769	978	755	395	542	598	1034	971	1006	713	1087	902	437	806	1008	998	1016
750	1003	1004	958	651	978	999	825	971	461	800	939	1006	970	1045	1002	1006	964	1025	745	682	1001	1076	663
791	750	1024	800	886	475	958	942	972	210	1374	1015	1010	983	922	755	1027	1039	1032	943	841	1014	1010	1021
998	1010	1022	962	957	718	968	869	892	1003	1005	1003	1014	741	1025	948	975	1012	782	980	1006	987	983	812
950	988	979	691	952	953	945	919	535	512	1002	915	454	932	829	282	585	1008	801	1021	674	990	959	1000	779
800	655	788	1029	963	903	452	928	752	991	911	897	977	828	951	855	657	983	913	945	710	822	849	947	1038
932	678	685	927	1013	903	636	768	952	936	934	694	908	902	932	943	956	740	897	778	729	933	834	739	236	552
887	1000	724	561	684	335	959	1009	591	1005	942	586	939	762	933	542	945	1007	1009	912	1000	451	605	437
961	957	1005	945	953	943	930	581	1074	852	738	878	921	497	794	771	568	834	808	952	815	933	1017	924	881
536	729	580	817	920	840	685	510	211	1039	679	511	902	954	455	936	934	867	948	964	942	713	710	968	966	331
906	1038	842	607	928	831	903	935	520	617	979	897	662	973	968	951	823	675	914	856	900	817	810	485	951	282
293	698	944	667	869	1188	601	556	1009	518	745	913	875	954	934	933	279	632	984	742	289	788	931	949	670
758	417	1014	701	967	407	965	679	999	828	591	951	667	894	670	810	944	1016	1011	671	397	706	971	958	985
845	892	657	1003	773	1019	1004	665	673	960	824	993	827	680	1002	800	792	695	927	856	487	478	1009	324	667
906	537	1022	1013	547	254	668	742	1032	952	676	968	673	916	908	893	845	748	729	960	615	423	952	606	584
966	810	921	983	1021	603	952	755	631	464	965	611	832	646	983	733	601	1017	865	668	967	786	476	948	602
948	942	977	781	995	932	657	679	984	960	1041	953	680	668	660	974	556	807	1010	354	1024	1033	1004	979	675
955	564	661	963	638	1020	970	629	956	434	913	572	1028	573	1017	955	995	793	870	972	497	585	713	643	968
528	925	851	971	471	982	929	1014	809	962	805	496	513	918	719	679	805	652	975	550	899	720	797	647	743	931
670	901	1014	787	989	956	959	854	306	1007	923	232	965	884	714	886	670	878	764	998	1010	507	490	946	646
714	1014	828	496	1004	656	881	1016	717	601	961	429	672	947	958	924	1009	632	747	402	493	411	954	503	978
953	746	757	733	1005	700	961	962	762	871	778	960	939	734	950	834	580	938	496	500	835	499	799	833	944	1033
288	978	794	935	584	354	492	941	966	939	862	1003	1033	931	494	813	937	465	644	1035	607	1003	942	1027	950
950	591	982	507	785	806	1034	644	958	977	553	997	1018	875	491	699	948	980	980	962	933	950	919	1019	1057
964	692	980	991	925	867	982	991	961	847	608	493	977	1013	1018	930	976	781	972	805	938	868	834	957	780
929	1014	1018	1018	773	485	987	1035	976	958	473	652	1017	740	696	978	786	747	935	956	942	678	1003	1011
878	838	962	845	847	994	885	788	944	661	424	955	970	838	902	977	1003	722	1010	940	943	807	967	793	963
911	635	765	625	936	708	705	739	932	966	946	970	843	986	431	799	989	979	784	658	809	943	977	770	936	960
881	858	1022	1051	960	834	1008	714	997	958	1060	930	193	810	963	955	521	958	471	1022	981	921	993	905	996
879	799	386	1022	1004	1009	969	949	962	883	905	850	962	971	963	892	751	973	947	565	1021	734	946	995	686
945	726	1032	643	748	611	647	708	1009	898	695	1011	976	964	600	959	975	994	354	939	1032	711	769	819	1028
564	634	906	807	1025	1032	760	978	983	423	1020	850	358	742	1021	472	938	930	940	831	918	923	691	969	967
836	915	792	762	1009	919	555	950	691	858	954	922	858	723	959	943	942	543	994	656	914	808	981	969	560	758
1015	954	941	897	933	806	790	975	875	782	956	677	965	990	420	904	878	831	826	939	1030	804	1035	993	999
981	966	948	994	879	1020	921	1025	394	1016	1043	961	856	275	1058	1015	821	756	886	1023	1009	768	970	993
821	466	1036	846	960	978	977	1031	1019	1040	935	979	879	995	1001	1048	1036	1056	964	987	1020	822	797	1060
852	986	1022	977	1010	974	837	1041	1043	1034	1060	1060	988	1028	1022	898	1019	771	1027	1012	929	1025	1042
1047	719	1004	986	1027	1066	1024	1038	986	994	973	1007	891	1042	1019	809	1052	1033	812	992	1003	1087	1060
1050	1033	1025	614	497	1032	1063	1047	1030	1012	1064	989	777	1002	611	846	728	960	1059	1064	1056	1049
1056	807	998	1031	1003	1022	987	1003	1046	1028	1040	984	989	958	927	1002	1023	994	985	959	1171	811	987
999	922	933	640	982	962	604	933	1074	967	1045	750	966	980	984	1312	1232	934	938	939	999	1004	1105	994
601	776	658	1021	868	952	873	949	960	990	368	991	1005	910	953	674	947	786	995	918	667	951	1020	1038	1031
976	1000	988	1030	950	490	561	886	1005	1002	1030	1011	1001	833	859	739	848	978	966	967	985	974	903	982
705	1031	1041	778	950	983	698	997	1018	827	1026	1043	1019	991	991	1004	936	1029	1066	1001	1007	1001	1036
513	705	981	806	1049	1079	1041	1051	760	1031	1007	864	842	1038	1071	1042	1004	998	1036	993	1019	988	1038
888	865	502	1003	863	1010	980	612	1278	756	871	1098	1048	1017	1019	1066	944	1013	1021	692	1068	983	1008
1004	788	1036	713	907	817	1045	1060	786	1003	773	1070	1029	1071	1017	989	943	1054	746	836	1001	943	1026
947	1033	973	953	1001	1022	825	990	315	1041	661	1050	815	607	884	890	1040	935	1009	1004	1036	857	1014
1007	996	992	780	1026	1042	876	966	735	948	913	962	578	964	742	1014	664	854	973	713	755	613	998	762	753
940	920	829	951	959	993	995	1012	947	731	737	982	1043	755	929	939	966	927	1001	972	732	748	915	958	794
850	943	742	760	861	964	990	977	1007	972	768	1063	782	985	1010	894	796	772	711	761	994	1007	998	992	1002
558	707	769	699	767	823	779	982	1005	968	989	1061	958	1006	754	764	682	1026	848	865	1019	982	972	1057
767	773	1001	997	1006	782	766	1041	677	985	1070	809	1002	1036	1010	807	1042	1058	1015	738	1000	1015	1043
810	1025	1041	790	796	1016	1043	1016	1023	974	1011	1011	823	1031	788	745	763	1024	800	982	899	1018	1057
779	775	608	1095	1034	1001	1047	774	967	1018	1036	794	757	921	987	998	786	805	1036	999	727	1010	762	810
1022	1015	985	1022	815	1007	982	1000	1009	767	962	1052	766	775	653	838	969	1022	974	1006	958	1081	962
960	884	784	442	910	1043	717	965	767	978	922	1014	1042	997	788	810	991	569	978	907	997	992	991	975	964
1032	723	821	1004	981	974	1003	989	940	655	1011	813	1038	1033	693	1001	982	959	970	594	989	940	936	1019
709	999	1046	993	976	998	942	1006	1025	1016	957	997	983	986	1055	717	749	792	674	1047	1053	983	996	1013
1030	1051	622	1029	1014	992	989	1009	985	768	723	787	868	1038	1077	1066	1054	673	749	1003	1008	1007	1021
731	857	751	1034	1082	1050	662	985	1007	728	908	840	777	994	1033	1036	1058	975	997	994	1053	1036	995	1040
1002	993	985	1038	967	1039	973	979	724	1001	731	1061	1087	867	1096	1070	1018	1002	1013	1017	995	1010	1026
849	851	959	1057	1028	696	1014	1027	1082	1058	813	1026	715	1025	783	869	1023	690	740	820	942	901	1051
1013	894	964	274	809	950	933	880	1003	726	987	608	923	950	1060	1010	1020	801	895	921	1018	973	977	914
1058	1010	891	1052	1037	775	983	921	1000	915	721	1045	852	1002	983	957	798	1033	905	883	973	947	918	922
841	954	961	939	834	915	1012	681	978	942	891	979	739	922	912	988	929	935	931	955	773	987	930	807	919	909
898	918	939	977	964	947	955	502	474	914	710	860	877	883	810	952	872	956	987	1001	787	935	891	1011	979
762	948	931	847	986	616	968	953	848	810	930	947	987	890	954	1003	944	1006	997	946	896	939	895	917	895
969	991	337	893	940	871	949	944	188	197	873	951	953	976	981	761	942	1002	936	905	642	745	937	981	984	972
950	946	923	625	1007	998	996	971	988	914	959	938	867	900	852	820	770	760	939	830	808	867	957	739	948	830
738	988	886	817	943	860	766	921	1004	1004	1031	993	950	959	944	961	910	928	700	860	767	876	918	880	916
876	791	980	909	924	927	793	904	940	882	803	877	894	942	991	781	910	663	930	893	1017	754	867	870	825	336
513	980	851	517	939	855	816	984	928	930	932	878	878	778	818	984	832	905	943	777	963	989	910	924	942	954
962	788	957	636	850	923	905	900	911	949	918	931	860	963	811	960	996	965	963	908	768	805	801	935	920	565
933	963	837	919	905	767	957	1006	881	928	943	953	781	941	936	1000	992	990	950	946	929	837	958	992	595
877	949	949	576	1236	942	967	857	971	978	624	985	939	804	937	930	970	932	961	988	950	991	840	922	314	899
938	971	789	895	924	909	545	951	983	955	918	1007	943	910	977	763	948	945	933	988	979	612	916	865	821	940
897	839	754	574	863	763	269	731	1004	985	896	923	924	511	941	940	991	975	1005	904	911	926	910	929	944
942	971	936	903	916	827	942	942	710	948	955	703	889	513	875	922	823	870	886	848	559	920	940	942	888	882
980	499	891	888	875	517	934	951	937	815	955	778	494	495	504	929	510	500	922	858	869	760	882	308	493	891
955	963	492	511	510	520	517	962	965	985	862	513	522	517	1009	986	883	967	519	340	521	933	473	514	700	879
966	990	866	925	959	432	939	510	525	500	514	962	988	928	988	724	949	519	519	540	952	929	944	532	933	510
969	1092	891	983	977	989	511	928	522	987	980	837	852	941	922	819	979	983	985	891	423	1000	939	945	946
953	944	955	979	757	946	1016	984	771	987	945	916	795	941	949	894	1016	845	951	915	902	891	910	930	954
939	958	966	297	849	822	801	694	778	929	932	836	664	876	783	987	976	871	932	916	936	937	924	966	746	869
935	968	992	872	786	852	949	827	946	907	990	631	994	992	941	952	949	986	881	1017	989	921	781	932	965	870
933	915	753	743	978	970	985	840	910	916	957	962	672	943	840	844	900	890	869	893	913	778	636	965	876	785
735	912	368	917	861	882	716	952	900	926	962	922	951	912	919	904	961	880	923	911	823	884	965	971	946	721
994	766	870	728	728	675	986	975	972	731	719	932	795	737	962	995	945	829	479	804	938	942	722	455	818	658
726	902	1000	968	985	943	984	915	588	711	788	925	984	971	192	449	917	381	990	898	732	992	998	729	728	730
978	899	980	728	421	726	986	971	982	996	989	731	936	735	892	727	687	785	997	972	1011	958	1004	720	731
705	729	711	741	734	1021	865	996	598	649	729	988	997	825	721	195	656	841	997	937	980	1000	869	688	955
1011	779	963	933	969	712	948	723	725	966	981	938	1020	962	997	712	729	724	951	1010	943	907	981	973	806
992	1002	707	722	933	753	1013	952	539	964	697	689	671	982	796	925	987	724	908	814	898	1051	1031	923	1045
996	1028	796	1029	787	991	990	652	851	1009	1003	1027	1060	947	746	960	980	987	925	510	1018	978	1019	892
1027	634	965	970	1140	734	998	985	832	1034	1033	803	978	869	1017	1023	1015	956	963	465	862	950	879	830
988	993	901	804	886	986	994	960	1033	1043	994	1054	1027	1041	977	1048	896	986	949	698	736	1038	1046	1028
901	1023	1047	1036	979	980	995	956	873	997	1034	769	1036	994	613	917	1010	985	1235	962	943	665	1012	982
898	993	1017	900	976	706	1053	806	948	934	736	995	840	838	564	991	736	1038	1014	962	914	812	914	838	983
1021	244	983	986	986	1030	755	963	1008	943	1000	846	967	839	1027	1022	894	971	536	982	954	192	617	788
869	950	987	937	994	871	892	737	888	953	935	552	865	642	461	786	825	1021	790	870	1074	951	480	1002	523
1015	1016	916	931	576	1088	703	936	994	1004	910	859	917	833	720	826	910	879	965	863	1005	1028	921	958
974	829	862	483	850	978	703	983	979	925	1036	765	937	545	978	977	983	980	868	750	832	544	229	537	1040
1012	804	949	790	735	795	964	810	527	538	550	485	980	1000	997	483	541	539	977	981	988	940	631	859	693
725	878	546	483	540	490	1037	540	1004	977	963	983	879	951	928	1021	821	560	891	973	987
