	238	151	229	137	158	197	89	81	273	379	154	121	222	295	90	81	84	155	107	114	210	284	137	102	310	103	209
190	185	279	283	255	64	326	165	109	258	189	63	207	291	131	170	150	280	67	293	183	73	181	106	282	103	92
98	120	81	128	111	85	272	82	86	71	198	241	151	104	278	189	287	76	196	109	148	298	133	270	203	72	91	110
207	224	285	113	155	86	125	156	240	274	204	70	230	212	107	241	141	125	83	112	79	102	166	78	232	68	315
92	193	165	100	201	75	110	145	105	73	297	123	207	115	247	92	247	308	215	185	207	65	103	68	235	227	127
231	188	67	169	131	131	79	153	233	71	144	72	244	92	79	146	73	131	89	256	166	273	185	72	107	191	273	263
137	235	116	121	124	114	92	85	135	234	128	106	161	83	133	269	62	135	73	151	173	77	293	107	274	126	99	65
205	336	192	326	168	221	214	60	88	138	170	81	136	69	291	230	89	210	301	104	113	126	69	73	136	100	224	147
89	83	190	216	146	92	256	227	60	264	190	189	76	272	197	271	113	189	110	278	200	323	222	118	120	298	245
253	247	272	329	130	117	113	136	77	161	81	119	114	222	76	132	91	140	133	83	100	145	75	159	75	209	189	123
286	89	247	294	177	208	258	140	126	217	175	95	236	124	97	257	211	90	106	174	221	70	198	255	321	226	133
112	143	189	178	68	160	289	209	189	136	126	209	200	60	137	102	135	124	103	147	100	87	223	89	188	79	288
248	101	71	252	123	151	180	130	138	312	106	129	172	93	250	240	97	78	95	77	328	218	209	310	117	67	98	286
71	324	112	157	64	273	259	269	179	254	181	80	272	256	127	200	119	81	170	81	177	172	134	187	244	143	169
297	86	145	159	115	113	263	162	87	101	291	144	206	87	113	176	259	150	181	148	283	163	308	117	253	92	151
163	246	219	317	63	203	141	203	262	212	65	183	97	102	110	183	258	266	112	152	61	132	172	124	75	266	124
201	289	190	121	189	142	115	84	217	111	211	112	211	92	202	291	219	259	211	212	73	229	224	78	95	67	68	136
172	86	133	204	81	254	138	215	164	86	138	77	102	221	76	85	129	102	307	85	91	202	125	62	103	144	173	116
137	189	81	285	304	91	152	239	234	63	126	72	73	75	81	66	211	310	125	269	118	66	144	93	96	105	119	97	281
243	164	257	222	254	81	66	112	214	259	325	116	315	131	88	161	211	147	137	202	125	303	222	134	119	293	142
145	134	88	92	282	193	99	203	65	123	140	61	83	304	100	114	172	69	213	98	143	77	132	74	87	227	154	205	177
146	264	223	80	86	68	66	153	91	118	66	74	85	100	286	78	228	313	197	240	172	113	192	266	142	173	112	110
111	89	243	291	128	154	266	297	157	153	118	329	110	71	64	135	236	151	131	70	289	192	72	317	126	157	99
199	88	99	170	247	162	107	269	101	186	136	249	63	154	90	274	96	139	68	86	84	190	68	71	112	301	261	235
291	112	173	190	197	141	68	149	61	100	146	75	253	216	250	179	71	142	224	254	254	274	120	60	131	190	207
220	207	248	77	73	126	60	295	277	169	159	209	199	162	252	159	155	128	118	98	98	152	114	199	226	233	87
203	134	205	178	181	213	163	83	168	115	164	172	317	160	95	89	221	108	153	110	164	217	281	71	225	240	76
185	80	125	123	114	285	100	60	140	208	144	90	110	90	123	109	244	198	88	78	78	107	66	129	166	122	317	122
151	138	259	183	112	68	250	66	67	194	283	86	116	87	164	297	341	228	82	181	290	63	116	94	135	75	142	157
236	216	98	154	66	85	121	121	69	232	206	151	154	145	71	139	280	110	241	302	319	95	93	152	215	87	93	157
168	73	201	127	71	135	68	254	288	90	186	262	64	112	84	228	173	79	203	264	85	166	115	181	75	121	76	207
126	70	72	60	105	237	250	255	323	100	151	111	61	184	218	122	213	284	261	142	119	214	298	115	177	90	163
148	94	96	86	199	148	180	222	94	157	113	122	157	90	236	133	153	116	166	78	275	130	91	65	147	173	272	214
243	69	178	186	307	120	318	179	67	292	132	252	142	308	218	192	241	63	209	94	72	189	235	135	67	95	74	219
106	126	161	64	92	120	144	90	174	75	220	260	77	104	193	62	119	155	155	155	263	201	226	176	126	184	75	268
97	171	109	159	268	85	68	72	217	97	174	198	89	137	177	327	173	67	97	246	199	183	215	216	86	154	104	65
148	306	102	103	145	262	191	185	209	155	222	177	181	249	72	83	206	316	106	165	169	199	257	61	141	97	276
70	100	119	65	211	109	258	146	138	140	75	280	125	163	95	155	315	106	61	169	102	198	81	272	231	232	269
85	108	163	296	171	92	247	118	150	136	141	202	122	110	137	87	179	94	115	300	186	92	208	279	175	66	149
107	265	99	253	143	109	262	258	282	83	130	70	135	159	205	197	122	83	217	241	77	84	290	175	267	213	88	248
105	233	136	166	157	157	102	98	232	105	67	287	286	62	118	200	114	228	158	77	75	139	83	222	130	62	117	63
117	247	137	88	71	226	312	160	217	99	63	131	119	120	220	72	150	62	108	288	235	195	70	78	108	149	64	304
113	88	152	228	211	70	67	234	286	250	178	241	99	130	162	119	223	228	160	64	195	81	147	117	84	246	251	95
185	78	117	95	64	309	99	115	106	238	305	108	269	108	263	129	115	174	69	129	127	267	269	134	263	177	136
96	114	161	91	72	188	149	108	221	62	147	90	312	73	215	228	253	118	75	106	304	320	248	87	225	121	67	233
244	199	144	116	188	262	159	141	158	141	189	128	175	87	72	216	250	150	124	289	273	88	133	275	89	219	362
295	74	260	70	103	63	69	221	275	74	205	122	196	140	171	189	188	259	230	103	120	166	79	235	160	176	78	261
105	189	113	68	78	114	180	160	312	85	170	72	237	96	111	157	134	227	184	105	74	217	114	148	96	347	151	90
67	136	86	179	207	64	285	253	124	144	101	98	62	244	180	65	239	86	104	169	180	264	118	105	62	220	91	242
143	281	190	126	232	161	150	218	276	69	130	178	172	114	179	300	264	128	73	220	130	125	101	147	333	155
135	208	161	266	158	83	233	307	287	60	203	312	106	109	143	241	84	63	100	84	67	308	260	192	282	214	254
192	268	257	287	95	144	187	93	117	72	205	155	113	100	224	74	209	211	78	77	184	195	226	83	132	135	113	200
305	69	128	81	91	94	60	134	110	186	119	71	109	129	108	76	247	110	259	75	222	85	185	131	169	111	96	82	69
70	114	122	256	232	200	243	229	195	223	235	154	63	73	164	120	136	77	296	81	131	67	178	252	168	166	91	89
112	114	225	257	227	160	131	149	70	99	95	122	246	150	145	284	222	160	80	100	313	81	244	293	217	72	226
119	156	115	180	224	222	217	125	168	267	285	76	200	113	186	206	124	293	114	160	133	262	228	214	162	171
110	101	65	177	110	109	155	257	213	94	213	297	170	89	101	173	120	105	125	101	125	309	108	156	84	92	101
190	89	66	209	78	75	192	118	102	141	72	60	156	186	241	196	68	123	244	199	68	162	253	119	126	161	162	80
70	152	154	98	250	125	100	148	199	245	239	327	245	275	327	75	261	120	137	143	323	101	89	241	119	165	128
69	169	73	62	72	212	120	215	73	263	104	294	267	266	266	86	93	214	80	299	94	92	168	177	205	210	61	195	84
149	133	139	152	135	73	234	169	210	75	255	217	144	136	225	70	133	62	242	86	169	62	229	75	144	173	173	244
89	90	82	83	113	84	64	170	71	150	136	258	113	86	238	61	75	101	172	139	61	67	179	253	281	254	127	104	185
97	111	137	117	102	107	119	279	173	99	149	312	177	90	82	179	80	230	106	164	178	67	270	126	113	317	178
80	136	308	294	198	313	197	66	144	69	150	177	121	73	144	72	305	158	68	70	149	222	206	244	283	161	67	149
123	217	78	97	101	250	87	177	218	185	76	116	63	69	230	208	105	140	158	206	142	83	310	175	152	238	71	170
96	71	70	102	161	143	122	99	100	73	69	206	169	129	105	141	127	140	119	110	213	206	126	137	137	190	252
141	132	60	241	240	182	274	248	347	110	171	151	121	79	229	217	98	116	157	145	150	80	74	82	173	250	278
247	213	252	175	256	231	218	79	245	277	153	107	132	152	190	106	171	218	258	85	210	64	97	240	192	284	209
60	218	65	239	211	107	182	140	185	84	304	278	78	192	263	201	123	97	128	272	120	160	70	95	279	242	155	100
259	253	237	155	67	95	137	128	155	144	112	102	119	198	320	114	109	91	62	81	165	112	104	61	234	175	106
140	116	106	137	78	171	284	165	74	305	79	204	83	104	88	78	193	290	254	88	63	75	88	95	102	145	126	80	156
117	107	83	228	230	127	288	225	234	72	88	89	223	190	81	202	162	127	76	169	207	197	68	103	116	69	71	151
66	72	73	76	94	189	64	70	189	217	281	98	203	237	306	78	182	161	91	71	255	197	65	203	63	251	60	70	141	95
199	197	105	172	185	211	246	319	183	306	69	124	298	87	202	200	66	194	311	236	67	287	204	97	288	259	128
74	275	275	85	131	226	123	85	282	87	155	82	144	165	220	163	213	231	239	196	70	236	175	169	259	75	321	102
147	196	80	120	130	102	134	227	219	237	221	140	220	85	104	334	213	285	107	143	159	291	324	274	160	168
260	115	247	233	192	270	126	112	255	124	291	142	130	125	71	201	140	263	250	77	138	294	193	284	125	132
293	98	92	240	180	75	94	216	237	272	106	149	70	173	97	150	203	256	140	277	92	202	91	108	100	235	114	218
266	112	143	305	296	294	92	111	108	137	296	99	145	256	176	238	143	278	108	84	111	218	87	71	301	167	161
237	265	299	303	421	98	99	232	156	129	261	280	226	164	67	85	88	60	230	165	175	260	65	179	163	145	87	213
123	117	230	279	298	283	114	123	205	85	154	106	73	261	191	221	263	98	268	87	190	319	128	249	216	118	127
144	227	78	245	189	205	88	258	253	193	153	164	87	189	113	142	78	308	226	80	155	118	274	67	194	238	88	61
92	142	147	232	191	194	208	70	88	173	194	151	128	133	90	60	82	93	235	273	193	267	188	261	232	258	93	249
185	107	92	187	73	219	107	83	219	229	89	119	133	82	155	243	181	63	316	153	129	303	262	264	69	103	219	288
159	127	79	189	127	159	154	89	185	175	83	246	277	164	61	65	122	167	226	128	64	65	231	173	112	70	80	139
87	76	80	104	65	72	121	184	113	276	112	150	314	165	117	228	62	75	119	265	312	276	194	181	187	162	260	154
206	98	116	65	165	99	186	130	72	122	173	99	235	250	298	243	73	172	329	197	211	257	119	66	138	160	81	223
106	287	119	275	74	129	229	102	121	101	90	228	271	140	61	149	155	164	138	61	114	157	60	258	293	88	132
112	247	77	117	195	268	336	304	313	127	92	89	75	104	149	275	119	261	332	240	335	268	313	311	208	69	175
71	140	152	73	122	60	77	95	171	167	220	60	116	73	261	241	196	247	229	100	296	182	74	110	71	286	316	77
82	62	320	242	203	289	112	151	112	173	109	149	108	79	92	140	189	62	66	176	81	248	174	70	132	219	271	134
238	189	122	172	99	88	241	185	224	85	119	101	235	131	161	85	234	68	86	68	311	305	220	112	234	237	184	308
89	277	124	141	95	122	60	63	139	144	218	156	92	164	235	251	226	75	226	94	220	146	185	200	81	115	125	65
323	103	207	87	95	260	98	73	252	110	103	102	129	106	157	163	77	190	81	202	278	246	212	253	85	92	263	68
80	101	69	66	235	170	223	223	198	61	211	193	84	113	109	103	267	104	249	169	99	243	230	61	234	84	71	252
233	83	81	312	114	62	222	120	135	148	60	153	143	85	69	168	156	268	191	174	233	69	314	162	234	131	91	90
214	312	265	156	177	112	203	303	183	212	113	92	99	225	66	220	81	221	91	156	254	91	122	290	265	132	197
260	71	235	77	130	195	123	155	102	113	169	167	70	138	70	72	77	250	255	211	92	82	97	184	91	80	145	203	167
240	320	236	90	207	198	78	131	227	240	276	85	132	224	76	158	324	141	272	149	274	80	81	107	188	102	70	94
139	75	149	105	71	102	277	254	272	138	174	234	97	191	246	241	91	250	205	95	257	106	194	280	179	85	101
269	82	64	230	156	283	89	66	123	88	172	96	156	153	101	104	67	241	255	105	87	149	109	157	194	208	296	108
185	185	69	115	67	196	122	98	199	71	157	61	85	100	217	258	74	140	156	99	213	136	136	210	141	62	188	76
269	338	184	78	61	117	214	111	158	215	106	168	66	156	180	226	179	80	202	130	139	294	80	121	183	99	127
203	220	96	62	210	254	149	178	86	73	85	80	110	176	108	80	60	290	241	156	142	106	89	197	95	249	168	108
330	108	91	213	99	85	183	196	244	161	113	86	97	260	193	108	147	98	145	126	94	120	227	169	179	195	104	175
201	316	93	189	161	157	139	115	246	110	128	216	147	75	173	198	138	249	196	78	184	87	257	315	141	61	243
138	152	197	74	223	197	144	188	89	67	266	240	160	323	221	135	89	163	129	75	87	87	103	181	280	106	134	208
243	227	150	81	272	285	257	326	102	137	98	305	262	276	141	204	160	114	76	267	74	179	207	291	84	102	161
153	94	137	173	178	183	198	69	183	152	135	188	138	122	128	206	264	240	92	215	206	102	110	278	267	298	239
209	265	78	207	278	175	235	180	230	204	240	273	240	60	67	173	73	151	138	207	75	99	86	95	88	130	86	74	251
101	86	190	80	170	181	135	63	90	101	195	316	139	110	88	211	92	87	189	111	168	94	149	70	155	314	159	189
105	174	193	292	78	145	263	107	316	253	179	299	292	190	324	60	290	120	121	150	117	185	171	243	78	161	109
293	316	229	213	189	64	166	104	323	63	99	255	147	119	290	141	144	61	147	93	73	258	268	213	285	276	331
341	317	289	80	301	111	219	165	79	247	260	72	160	75	291	200	142	131	195	159	100	97	94	287	255	65	204	235
169	162	84	138	61	269	112	74	252	320	166	74	214	115	83	307	69	134	241	243	167	239	204	84	209	284	252	182
87	102	187	209	74	180	161	179	186	108	171	252	83	224	97	130	87	74	64	278	304	269	224	100	209	277	188	78
204	142	70	76	173	161	104	287	249	95	250	72	228	107	68	254	227	277	287	81	175	245	271	185	99	265	224	106
114	274	178	232	285	329	268	272	69	61	291	297	287	276	244	184	187	231	81	66	70	215	178	82	198	95	147	65
195	190	202	215	276	118	98	202	188	77	151	177	76	110	93	122	168	139	212	85	70	159	196	248	107	109	130
246	292	132	99	194	237	137	77	65	99	222	145	102	246	80	229	181	106	265	144	162	236	190	102	212	154	237
93	176	77	290	245	306	242	66	169	120	228	141	177	172	132	173	70	93	201	151	136	98	112	268	96	215	110	219
78	230	322	181	142	80	95	147	122	249	311	69	128	162	126	115	201	149	191	85	79	329	80	144	148	216	81	201
122	145	191	223	79	277	289	158	118	288	295	88	307	62	144	214	150	93	146	151	150	157	97	92	60	80	67	76
65	80	128	168	125	239	73	77	262	205	89	182	113	124	95	106	120	281	146	62	269	96	98	186	70	164	103	63	66
63	203	104	157	132	122	114	234	152	81	304	313	60	127	268	119	122	106	214	125	101	246	284	83	246	121	165
93	244	146	177	110	83	154	110	64	65	243	163	84	214	149	134	177	98	176	114	277	230	255	74	246	245	133	138
226	236	328	271	341	92	72	96	99	106	60	135	94	126	111	276	116	233	70	153	305	146	298	172	99	224	79	68
66	311	167	66	77	74	142	221	275	235	309	293	106	203	261	203	110	90	260	63	71	65	190	89	152	163	105	143
212	155	124	143	161	194	280	247	62	66	152	224	169	84	178	78	195	276	89	216	147	106	90	164	143	120	97	85
88	79	77	283	132	231	215	233	62	65	187	252	109	69	134	259	197	149	83	188	114	159	277	175	122	128	285	162
86	247	99	94	87	223	68	91	103	84	228	68	192	138	69	216	160	228	210	102	68	75	130	77	122	78	265	79	94	276
80	131	69	191	117	187	71	65	129	217	259	71	238	139	89	73	114	95	257	185	289	288	288	86	156	316	263	64
227	137	129	129	241	219	227	88	91	61	119	99	158	249	75	90	162	179	94	100	63	94	187	78	185	279	125	170
99	188	92	100	80	80	234	267	71	71	168	119	137	195	106	139	140	269	310	77	70	66	320	76	91	221	85	68	172
74	84	176	96	130	147	185	93	85	264	345	138	231	204	71	68	109	128	223	71	199	307	87	100	268	83	169	197
153	89	140	122	302	252	332	152	88	218	88	93	132	305	176	155	91	178	182	307	201	92	133	61	126	177	113	159
319	187	87	103	192	223	93	159	327	150	238	97	90	179	289	244	100	146	82	134	248	152	226	88	120	105	181
98	206	125	120	312	71	123	161	92	165	139	330	169	63	229	71	190	83	172	243	267	72	119	146	207	233	115	173
65	204	309	60	258	255	77	245	160	139	255	192	317	92	324	151	155	284	124	106	242	194	73	256	139	99	291
84	108	157	125	209	84	341	108	99	294	84	65	114	138	261	200	102	126	280	276	99	339	233	185	164	189	75	101
94	219	75	125	81	120	123	130	114	240	190	111	206	310	275	296	200	86	67	173	231	284	276	339	138	93	137
75	189	344	149	288	220	123	88	178	163	96	62	321	106	185	267	90	100	145	104	91	247	262	83	175	235	63	254
256	264	279	121	119	304	120	67	249	265	101	85	171	121	258	127	68	68	196	77	109	115	145	201	89	215	114
104	106	84	113	213	162	66	316	144	172	277	320	96	156	67	104	210	66	152	290	162	267	131	225	151	135	91
69	228	67	91	111	117	151	87	124	198	61	156	118	189	320	126	159	107	135	89	102	63	303	157	97	173	144	148
93	147	158	95	131	173	246	140	218	253	178	118	140	99	63	228	95	258	232	202	103	215	199	116	237	152	94
89	75	151	126	196	188	214	79	146	200	96	92	229	220	191	238	157	282	239	138	76	270	272	299	161	104	136
219	114	104	200	167	263	166	119	102	114	136	242	118	138	82	115	86	68	98	85	81	281	257	90	106	169	104	219
166	139	76	105	86	69	265	106	73	240	207	70	118	215	61	66	71	247	71	249	160	297	65	135	224	102	160	297
176	107	213	145	147	75	207	92	97	72	66	194	201	67	110	127	227	188	129	175	281	150	109	117	176	123	108
64	192	248	94	233	196	278	198	90	157	64	126	91	128	180	253	155	96	75	93	142	132	335	225	261	161	139	320
84	162	299	249	202	329	298	194	272	144	159	62	63	214	190	226	128	70	160	121	69	63	172	217	134	186	208
87	111	328	249	246	152	97	131	123	167	241	271	210	88	99	144	259	118	96	189	65	280	206	115	238	67	126	85
151	100	122	167	232	62	250	319	221	269	104	147	142	194	103	164	82	179	90	66	104	129	69	80	317	256	65	88
173	276	301	91	139	246	101	111	240	229	65	90	180	275	151	196	264	130	173	64	94	126	77	336	234	138	126
132	105	121	176	183	185	118	113	132	80	225	150	309	78	68	105	187	265	164	239	209	101	105	126	76	98	88
210	93	118	282	80	164	223	265	132	105	274	247	221	110	289	60	177	160	80	65	77	165	302	169	90	207	60	128
309	263	61	61	231	228	102	249	264	74	177	132	149	228	203	79	144	90	241	278	193	240	111	213	301	205	101
93	128	158	139	249	215	127	61	130	98	86	316	131	77	65	177	81	104	233	222	143	72	122	95	68	60	79	247	225
275	98	210	306	246	92	98	188	60	109	62	177	81	126	138	274	95	152	96	123	181	145	80	65	121	129	70	92	287
226	89	95	217	279	84	168	265	259	106	312	205	75	109	254	79	169	335	306	91	193	258	151	82	80	164	241	174
251	164	103	125	81	150	81	126	199	62	123	244	221	234	264	175	139	74	199	251	92	144	143	236	275	148	89
130	119	60	64	94	174	121	68	224	171	211	263	187	67	71	144	225	87	81	75	229	93	239	156	104	66	195	234	285
253	65	198	127	118	202	150	231	208	62	72	278	65	164	179	334	89	248	147	90	325	337	81	88	111	223	167	144
230	299	201	101	67	223	158	86	127	79	65	79	178	163	292	156	114	293	180	196	214	163	260	184	71	141	144
239	61	90	141	156	73	89	68	94	60	151	285	318	184	280	271	145	121	69	126	122	92	168	136	90	219	147	153
269	203	63	299	221	69	242	150	98	196	218	148	383	105	119	134	275	227	282	151	126	171	147	207	63	268	261
214	86	110	69	181	112	235	82	65	62	247	215	146	155	164	91	167	257	266	229	183	109	152	101	110	249	125
175	261	185	175	66	118	102	325	109	128	182	98	90	175	251	112	64	83	181	63	66	144	109	100	276	231	102	66
181	124	86	155	80	231	319	274	99	64	336	69	68	147	311	120	188	155	258	90	157	214	139	156	85	130	286	67
243	177	133	180	97	101	83	200	142	102	110	176	85	111	86	100	254	209	134	270	132	245	119	230	263	135	75
63	65	213	161	333	194	70	224	118	246	284	124	195	245	162	115	125	117	140	246	253	158	123	112	226	70	221
215	112	168	315	71	159	103	209	62	122	170	224	229	172	99	270	216	186	62	239	156	122	147	127	263	69	66
144	344	238	190	193	73	236	74	161	109	263	82	87	61	255	122	266	344	266	119	159	76	68	274	171	97	138	154
73	139	153	213	227	265	206	177	131	277	100	89	308	134	281	74	87	180	319	253	63	110	305	61	193	172	193
63	217	121	65	62	97	255	272	270	248	177	128	150	96	124	131	281	109	163	162	82	193	101	147	211	175	233
189	117	170	251	181	63	168	66	285	63	253	306	254	68	100	115	131	72	169	69	159	90	79	139	189	157	265	118
270	269	264	139	95	113	92	104	208	226	123	67	177	285	83	226	177	230	309	87	104	184	123	232	148	97	108
230	204	233	95	309	137	266	119	118	177	136	132	69	110	66	254	107	181	120	176	89	144	273	112	123	333	93
67	194	82	162	273	98	288	61	76	273	170	75	70	86	231	200	252	172	118	263	286	177	316	248	67	75	90	220	225
187	84	207	268	185	289	207	134	300	106	72	170	60	72	117	253	127	176	205	221	93	147	238	254	87	201	61	330
317	73	94	151	227	132	160	217	247	87	95	134	208	158	227	69	101	66	268	129	120	211	161	120	271	234	282
326	185	70	271	93	75	117	115	276	191	114	75	242	130	106	121	119	136	86	157	108	148	230	145	99	152	112
293	149	121	92	220	204	127	190	242	259	216	210	110	168	72	98	240	167	152	198	201	228	245	136	107	232	69
121	174	91	145	162	61	87	157	138	131	229	216	70	133	159	130	80	193	74	102	206	120	135	255	145	238	144
69	216	214	104	266	148	80	167	261	249	309	79	153	230	69	318	230	201	89	98	245	66	60	194	69	228	121	78
194	70	241	195	255	167	98	114	82	204	95	250	94	285	330	84	131	227	224	180	89	245	250	116	158	98	240	116
86	198	130	118	254	301	93	66	212	62	85	160	255	242	200	79	317	67	79	87	123	88	81	140	145	242	246	238	161
247	245	221	139	74	306	213	109	153	327	231	227	256	192	105	83	130	67	244	63	139	186	94	179	111	143	141
149	291	205	69	128	140	220	301	279	207	67	135	222	79	236	164	63	166	125	262	262	131	254	142	90	211	266
245	134	105	76	213	118	242	195	290	262	256	222	79	61	112	135	117	294	76	163	134	163	136	224	66	193	203
107	196	69	290	249	182	175	182	79	93	192	122	118	187	86	80	129	114	189	164	68	75	112	141	210	71	239	82
145	134	93	222	206	278	76	95	106	204	72	196	148	87	147	128	111	93	211	300	67	89	99	159	107	60	204	92	227
111	279	173	251	276	106	243	264	158	253	272	286	177	169	144	87	60	64	74	130	149	202	187	127	151	277	156
121	66	123	230	89	336	74	102	65	91	236	73	121	168	68	218	154	275	110	207	140	61	206	71	273	66	140	91	70
106	76	235	64	79	263	248	290	71	177	307	175	92	228	231	298	142	240	129	150	169	68	287	307	136	114	324
258	207	110	170	158	129	85	156	81	279	116	87	226	250	178	212	71	177	110	88	212	173	99	89	96	184	182	195
139	103	141	86	88	97	122	103	288	256	287	270	107	104	81	134	84	77	114	143	241	74	168	97	317	211	85	66
82	239	97	184	226	252	308	295	330	215	154	131	260	210	111	214	106	90	120	146	89	308	302	188	222	121	161
200	126	61	248	90	139	211	183	285	116	179	61	283	263	286	154	98	274	189	77	274	88	168	78	206	77	135	108
114	66	186	244	135	119	213	274	111	98	242	263	116	77	244	127	84	303	127	203	232	116	117	326	92	108	152
94	79	174	89	136	79	72	71	99	60	205	228	68	81	253	103	92	240	69	99	123	179	116	255	168	312	287	271	92
79	83	232	166	111	99	92	127	234	204	84	262	160	178	81	70	212	94	194	110	77	173	60	91	162	121	79	252	170
141	249	177	132	168	184	93	107	232	73	148	290	83	241	145	157	141	143	305	121	206	260	226	84	184	217	65
173	149	172	231	170	237	172	174	153	131	191	64	165	124	209	78	65	86	60	87	84	254	96	85	171	243	237	61
63	196	91	84	120	137	188	80	60	71	320	77	204	67	183	162	89	95	63	198	123	62	233	63	99	90	250	279	261	177
76	295	261	127	81	66	154	109	181	155	113	249	236	181	89	278	215	291	206	128	203	234	223	144	254	72	287
170	141	94	91	274	240	153	178	308	208	72	157	192	181	124	64	76	115	108	62	121	169	62	120	211	80	202	272
259	177	60	165	68	117	192	84	184	292	196	63	230	76	217	230	146	268	256	98	293	234	107	176	75	293	244	152
101	147	71	86	87	143	189	73	158	131	184	145	186	143	82	164	107	214	204	230	132	155	64	209	217	271	177
116	75	294	106	115	328	239	74	167	134	233	278	193	135	104	203	167	153	134	219	208	204	225	183	282	261
95	129	147	101	117	142	277	177	181	94	92	80	273	191	137	131	305	254	158	115	217	60	78	206	67	105	70	187
282	195	198	212	66	60	263	169	79	133	186	96	198	119	74	82	79	172	331	227	97	191	248	133	115	262	96	128
129	237	294	78	71	259	82	75	107	63	177	233	67	193	276	274	160	112	208	303	126	121	192	299	262	195	112
141	299	298	281	144	74	218	273	217	119	83	346	183	80	101	92	120	101	97	144	119	224	241	253	177	117	140
156	75	113	66	213	78	85	88	243	100	150	321	194	200	188	215	87	85	180	69	157	106	133	68	185	208	179	154
273	268	237	150	123	258	166	277	138	237	199	73	206	205	66	197	93	242	209	64	298	188	258	342	195	311	101
217	102	147	190	271	65	106	104	71	159	271	108	139	78	81	66	245	106	129	94	157	220	123	328	95	261	261	194
232	319	88	103	84	80	201	150	104	218	216	64	235	223	187	277	294	102	150	158	97	75	250	179	273	192	189
69	232	302	218	248	63	286	136	99	108	83	179	107	321	187	207	113	217	308	185	291	122	262	268	124	114	106
60	110	152	315	231	259	68	187	153	305	173	174	325	71	317	153	71	336	159	117	60	142	64	91	162	257	93	65
77	98	138	143	225	78	130	136	334	225	221	70	102	117	81	268	66	226	231	194	101	150	186	193	77	211	257	194
76	140	143	257	311	193	150	275	249	216	274	70	98	228	75	198	214	128	60	103	114	218	263	260	64	143	215
290	287	66	71	103	314	142	134	67	203	146	306	308	236	172	140	312	139	112	210	164	112	175	315	228	288	286
108	67	123	179	258	90	224	313	68	209	71	183	78	109	190	66	272	195	71	132	87	126	200	302	159	159	164	94
283	323	62	60	99	86	194	97	132	80	115	107	174	219	258	138	143	94	230	211	88	72	106	76	97	168	147	310	95
113	157	175	133	263	209	72	237	80	151	122	105	196	99	103	106	168	77	198	135	158	101	214	81	178	278	273
89	189	168	240	241	120	136	130	190	126	137	178	145	257	158	111	204	292	125	76	191	149	129	287	222	279
238	64	218	218	236	255	165	115	62	246	308	92	235	308	210	88	69	139	210	78	179	174	62	196	264	257	70	138
156	80	67	96	223	77	92	70	128	152	174	64	111	233	269	99	70	165	199	178	90	221	285	101	65	87	215	66	178
102	83	80	140	259	164	119	66	139	260	210	167	124	126	148	93	126	149	110	182	148	75	130	277	80	187	97	160
127	162	78	261	251	313	219	110	118	62	92	270	220	69	176	206	69	204	183	99	198	302	189	290	141	335	129
61	222	93	149	134	114	186	251	168	127	90	238	62	71	78	100	316	236	90	94	114	148	161	151	129	300	294	231
287	89	60	193	142	102	76	115	254	226	76	157	73	116	65	88	134	243	305	157	77	70	119	280	241	200	243	64
134	238	262	275	68	85	77	219	64	91	288	92	216	92	91	83	97	98	156	70	118	145	82	250	94	154	98	234	269	215
61	202	99	261	293	241	299	305	245	79	158	295	259	75	237	67	76	75	93	149	106	172	198	125	84	156	79	117
264	172	219	94	158	234	293	250	150	64	154	169	211	73	356	255	61	279	295	301	304	250	173	192	269	167	63
123	224	186	107	134	178	69	209	234	71	141	196	60	180	72	170	65	162	207	63	109	102	63	149	243	159	83	71
252	81	92	201	91	139	163	125	68	269	156	236	180	123	202	191	130	77	100	218	192	77	225	214	247	249	129
88	210	110	275	216	181	172	125	180	192	166	74	83	125	88	311	327	189	289	225	135	122	322	67	227	270	232
185	63	93	91	152	266	188	104	232	71	91	64	82	247	78	91	128	106	243	148	73	128	133	226	278	251	93	252	248
254	257	123	130	74	62	81	91	154	107	119	256	75	148	176	101	74	66	278	265	63	120	145	142	284	295	250	275
216	186	125	62	79	168	85	319	186	129	143	84	137	292	330	214	322	161	146	93	144	65	216	220	118	236	150
75	71	139	232	162	213	183	121	155	239	92	168	321	90	164	285	138	149	125	73	291	133	75	215	256	183	74	160
241	111	96	84	230	232	149	229	261	184	92	99	246	113	196	287	291	106	207	123	108	91	105	121	323	134	79
314	215	79	171	244	86	67	303	164	108	262	229	87	105	106	124	256	78	252	97	72	167	161	99	86	113	89	111
197	207	106	156	181	95	165	323	109	175	106	94	68	66	189	197	61	64	235	257	209	124	62	243	236	275	62	208
211	101	325	152	166	69	107	179	128	94	240	174	103	108	255	186	153	145	177	168	147	162	262	228	188	164
63	73	169	246	330	225	284	191	144	71	304	167	221	291	247	208	128	65	79	266	150	199	101	87	81	177	141	181
174	84	134	70	131	173	205	122	250	84	270	101	108	109	243	268	185	142	123	144	225	62	241	242	286	159	144
258	241	63	106	203	145	250	246	91	161	71	145	91	81	67	234	161	65	60	172	74	76	200	92	100	254	239	100	128
122	97	123	105	92	86	63	114	150	109	257	285	101	104	100	71	99	197	185	60	89	123	255	289	187	113	120	238
234	269	263	165	110	205	80	166	247	83	184	240	142	100	300	283	242	107	84	77	215	235	254	79	74	134	88	272
251	164	171	150	61	61	118	185	84	167	81	149	93	115	78	120	149	125	85	311	183	76	241	80	158	317	92	136
99	178	103	225	99	148	60	236	127	162	83	167	112	66	119	129	206	222	88	176	89	112	147	210	161	219	160	63
120	122	229	131	110	80	140	109	92	79	180	103	224	157	165	64	278	238	249	154	71	89	130	195	208	61	135	263
229	278	129	77	194	70	105	140	172	129	89	119	252	149	154	92	259	164	109	75	100	89	62	139	87	136	140	270
136	255	81	183	62	84	100	137	76	108	250	114	229	175	197	237	87	76	151	64	130	119	235	79	62	62	120	171
217	94	120	80	177	315	150	236	309	228	66	271	81	66	97	215	98	160	170	151	117	154	133	114	210	170	170	80
79	272	132	206	310	207	229	84	280	177	174	140	221	86	155	238	86	69	130	346	294	146	103	65	64	69	89	94
124	193	121	185	121	181	185	132	97	224	295	244	85	146	171	93	132	218	308	273	146	97	273	258	161	196	60
140	80	63	294	161	186	140	80	135	192	166	135	150	305	139	146	228	171	331	232	91	110	167	110	109	108	163
85	278	302	102	115	96	92	87	301	315	160	76	128	60	78	118	269	254	193	290	294	265	275	74	231	67	105	162
191	88	123	133	73	179	189	185	196	131	105	243	243	118	202	279	85	133	188	101	233	152	72	154	66	289	127
169	253	235	212	80	111	70	291	213	89	202	135	108	276	288	85	170	142	147	112	75	131	86	204	321	192	179
156	82	72	82	168	162	168	205	147	110	144	334	113	133	172	63	93	249	202	341	242	295	127	157	91	85	172	183
87	78	234	90	122	94	261	204	84	104	113	193	190	143	184	265	97	150	208	215	231	193	63	243	169	163	259	228
93	146	70	203	66	124	316	130	138	106	129	201	144	150	105	99	164	157	191	85	138	113	178	101	88	74	250	282
81	184	109	144	179	179	67	121	67	224	179	171	112	82	133	86	161	74	162	180	209	239	257	119	146	265	95	94
119	91	239	126	72	297	97	222	151	216	107	112	245	298	76	115	225	135	167	87	100	261	163	97	169	186	77	102
88	264	76	177	288	237	60	164	226	228	95	127	238	64	277	265	240	290	146	172	107	64	208	219	161	191	241
131	67	115	119	208	207	211	127	181	267	137	120	304	287	233	327	280	282	113	142	66	212	275	278	60	138	111
88	75	136	288	127	139	327	117	124	257	76	246	84	127	77	207	297	275	196	187	277	275	294	166	72	99	177	69
140	217	108	165	101	241	325	268	214	71	258	271	232	137	109	248	228	225	67	260	251	242	221	294	226	71	139
152	130	136	152	132	82	301	184	125	63	116	67	171	217	177	175	156	81	219	87	222	60	311	180	99	178	127	62
147	67	292	150	147	66	225	95	99	73	121	75	99	214	71	76	82	203	133	87	166	127	255	206	192	157	120	171	253
218	255	237	66	168	125	64	288	188	61	79	123	119	152	261	62	62	100	85	204	72	75	166	128	252	125	129	95
75	214	213	292	217	149	122	70	135	110	91	260	300	97	215	144	67	97	231	258	110	196	210	269	328	242	193
93	272	217	65	68	127	171	243	172	236	105	80	116	191	183	100	203	248	98	127	73	207	76	332	224	160	306	229
239	221	106	138	203	281	267	94	251	209	237	83	149	103	84	149	60	137	107	301	341	192	221	130	80	131	129
114	178	69	76	185	67	178	94	165	311	327	64	138	118	68	178	308	173	213	231	234	235	69	226	193	172	284	227
303	303	65	230	217	86	83	93	118	75	182	302	155	94	257	140	92	293	308	256	85	186	131	192	69	60	76	87	159
76	76	253	88	64	136	168	270	218	263	219	179	213	69	137	136	86	210	252	161	82	152	72	85	130	324	67	176
333	204	205	228	227	211	284	245	96	263	254	85	137	179	88	239	129	98	74	148	67	68	287	85	91	200	245	205
192	124	185	101	77	67	312	322	99	74	246	133	212	76	309	262	218	60	287	132	185	255	105	248	171	92	176	143
66	172	120	143	94	156	226	116	69	230	190	182	184	246	269	103	131	121	111	133	136	92	70	92	275	266	97	103
80	142	63	306	220	72	172	103	98	60	149	101	97	148	318	70	80	60	100	112	132	150	71	77	65	74	190	129	302
180	228	73	87	74	243	187	99	64	140	98	112	127	264	291	268	327	270	271	280	191	82	173	76	184	85	167	118
83	183	260	133	210	81	168	239	135	130	211	309	121	100	198	152	137	67	135	91	124	62	229	66	103	162	98	324
150	164	206	171	182	172	151	74	156	205	160	224	274	228	178	66	79	66	263	205	72	114	65	171	71	65	238	63
107	122	172	197	244	154	258	76	267	306	117	141	254	62	297	213	118	131	204	153	195	78	176	113	124	228	71
223	144	232	164	199	163	105	81	91	255	210	116	119	67	156	65	61	60	78	75	192	151	272	289	144	295	221	327
109	167	145	69	94	161	304	61	207	84	234	129	114	150	138	103	244	114	111	252	75	141	199	255	154	92	110
125	72	196	123	313	286	222	219	63	94	61	158	149	144	274	155	79	85	78	101	139	271	325	221	175	234	200	212
198	109	205	85	166	273	268	305	217	288	115	63	125	128	98	103	192	132	140	234	66	97	61	115	82	182	135	218
64	290	190	67	240	84	258	88	283	245	145	239	253	162	171	187	229	239	182	69	234	266	286	160	165	87	249
154	134	134	142	221	205	138	100	136	165	80	163	123	99	328	220	113	66	152	266	217	81	271	90	156	314	88
62	144	148	278	81	161	110	155	199	99	103	194	96	61	90	98	102	159	132	186	76	96	122	293	212	198	70	116
257	67	236	237	200	120	71	255	158	111	120	129	80	166	88	148	110	62	150	108	110	212	268	64	251	187	109
116	285	226	248	317	123	136	199	87	123	146	204	268	61	214	169	284	88	81	75	84	186	80	105	164	154	142	66
83	73	159	157	103	205	216	112	125	225	113	83	271	123	146	84	254	106	203	77	63	78	61	67	150	302	269	324
183	112	146	187	293	244	266	274	196	77	188	320	226	219	166	295	230	79	201	85	174	230	223	106	203	127	68
182	216	94	177	200	147	282	196	283	126	178	166	108	96	122	241	119	112	103	178	63	82	112	156	130	207	107
182	96	94	244	104	75	170	192	175	151	102	188	293	258	163	117	84	308	196	240	334	220	324	227	153	105	170
98	320	76	180	230	260	211	149	191	126	342	192	77	109	68	221	67	302	125	171	64	180	83	268	234	146	137	112
140	118	286	291	189	266	263	95	154	145	241	62	113	323	239	275	275	218	284	220	142	88	102	298	207	171	95
238	188	92	297	182	258	268	231	176	88	178	153	92	152	253	91	199	146	75	246	84	188	225	94	244	80	181	129
82	106	128	116	63	85	97	164	123	117	223	153	131	207	83	106	79	198	119	89	182	260	89	72	164	278	75	285
263	184	155	101	121	297	239	79	105	281	306	94	120	119	254	156	98	163	72	160	204	179	285	158	250	180	91
159	168	238	233	235	303	131	99	194	119	159	112	78	90	120	142	138	183	208	135	79	241	166	129	137	121	148
231	94	158	67	246	163	194	303	147	95	66	88	306	238	214	250	314	151	130	88	151	185	67	92	153	87	70	242
84	168	187	123	98	115	86	95	81	126	81	83	140	276	90	156	110	151	76	166	261	64	161	242	273	95	206	170	274
209	128	244	241	260	252	265	76	168	271	95	122	269	277	76	208	166	167	136	215	247	82	88	137	265	137	222
250	81	115	97	167	196	82	136	155	182	204	87	206	73	85	194	325	152	191	131	69	97	125	102	322	152	222	81
68	68	84	185	170	241	136	127	195	73	62	190	128	89	157	190	98	223	106	105	117	73	295	286	120	165	155	240
184	239	238	188	90	289	89	78	91	81	214	288	265	96	327	192	98	85	80	207	64	95	203	85	78	125	167	91	93	241
149	107	118	103	222	287	295	237	198	75	95	81	150	188	103	164	216	173	93	208	67	152	99	237	78	211	80	294
271	129	281	113	168	125	194	292	85	75	115	119	138	158	88	224	207	87	79	170	165	108	107	270	280	304	314
148	127	253	176	105	144	64	252	181	294	100	132	67	134	84	201	74	80	69	271	201	95	194	93	226	183	139	107
123	179	154	68	161	113	98	97	69	126	85	154	187	132	231	96	232	260	184	196	116	122	98	209	108	224	107	156
64	69	121	280	176	133	76	165	91	220	176	101	172	93	122	288	184	98	69	122	146	129	124	71	78	117	164	219
146	127	100	81	78	115	311	65	77	192	268	81	120	61	116	87	190	243	204	94	212	286	107	82	245	120	100	163
124	240	281	188	144	81	244	62	269	148	67	246	115	216	150	256	60	178	98	145	186	112	245	269	305	245	180
197	127	67	151	305	139	84	236	238	140	89	128	65	122	239	105	153	129	195	185	162	105	275	101	151	203	83
207	215	184	260	268	150	335	131	96	92	113	144	256	88	136	63	81	71	120	118	144	101	97	278	174	111	293	64
186	157	87	106	320	261	210	120	233	61	250	76	203	205	229	173	77	197	258	79	103	230	271	217	67	177	221
248	65	165	110	195	211	91	265	287	260	87	119	131	177	62	198	318	326	256	101	121	66	209	323	169	242	267
78	233	168	110	277	77	144	103	227	125	103	115	110	213	84	156	121	79	225	252	176	181	203	161	205	73	110
83	127	132	84	148	142	264	329	122	103	274	68	254	246	237	194	121	104	200	290	141	117	189	144	107	183	208
245	243	176	144	74	185	237	92	92	82	154	185	184	81	230	145	245	279	109	227	67	140	82	159	235	72	156	135
98	206	125	100	162	289	324	61	151	64	205	129	153	134	159	62	126	114	112	297	169	61	147	201	64	74	217	268
63	198	304	221	69	127	191	202	183	63	114	153	262	267	109	166	137	131	130	234	208	257	65	77	78	292	186
252	151	169	79	159	153	75	291	300	139	196	304	310	251	292	156	87	102	248	171	94	60	208	142	63	224	76	238
302	187	102	162	238	310	124	175	169	301	224	96	73	130	182	139	189	112	158	72	115	150	89	66	92	129	136
321	100	87	79	87	73	191	151	224	271	257	130	100	135	60	199	71	102	88	149	75	77	188	103	172	155	144	94
180	293	274	269	140	60	143	197	179	167	143	141	273	310	233	138	305	140	67	306	93	208	145	115	160	223	109
121	92	180	165	241	137	94	115	276	159	246	167	60	112	68	183	190	129	119	274	218	119	104	137	150	219	187
151	76	93	71	306	173	129	289	74	132	65	74	238	152	185	110	190	78	190	209	63	172	291	289	93	116	77	132
70	78	213	86	140	107	76	86	108	74	72	202	82	213	65	328	152	167	253	78	77	119	70	144	227	102	157	206	226
97	191	66	299	219	64	130	109	136	157	167	84	161	112	115	128	227	304	91	189	275	294	279	73	81	101	209	190
174	163	83	103	124	86	154	212	116	86	105	188	93	90	168	83	64	195	128	239	83	74	91	86	85	88	137	65	265
70	184	83	162	137	154	163	235	108	173	118	191	153	212	228	246	146	112	84	60	315	242	89	196	62	119	116
160	131	338	284	232	246	158	122	182	139	72	235	243	256	121	81	247	177	134	208	186	208	171	234	156	318
197	236	214	61	74	64	170	93	79	292	215	294	138	278	309	158	113	120	268	74	111	81	115	83	288	233	137	225
220	77	148	61	148	224	137	148	295	137	298	161	254	60	143	87	95	205	216	227	308	307	298	215	314	277	250
103	170	126	88	61	224	297	314	241	294	101	84	142	115	68	120	322	64	144	119	124	69	235	93	192	65	320	255
279	138	179	306	260	280	335	70	265	138	187	315	277	122	147	276	119	121	125	130	108	64	127	302	125	61	250
250	70	241	215	145	110	275	132	275	228	109
